453978126679213854218654973834592617526137498791486235382761549165349782947825361
968127354542839167173645829291584736834762915756391248419258673687413592325976481
734825169652971438981436275476318952895267341123594786269783514348152697517649823
546382917817659423923471586295847361671935842438216795369724158754168239182593674
795463821823751496164928537351897264287634159946215783578349612619572348432186975
721968435593214687468735912614582379275349168839176524957621843182453796346897251
894576312512983674367412859253861497481739526679245183735124968948657231126398745
318967452972845361564321978695134287437582619281796543143258796859673124726419835
456198327173562498928473615261935874847216953395784261784621539512349786639857142
879435126142976358653128794387694215526813479491752863938167541764581932215349687

